1 64 44 0 0 A
2 13 32 0 0 B
3 22 36 0 0 C
4 32 38 0 0 D
5 103 47 0 0 E
6 21 35 0 0 F
7 15 32 0 0 G
8 47 40 0 0 H
9 57 42 0 0 I
10 1 27 0 0 J
11 5 30 0 0 K
12 32 38 0 0 L
13 20 35 0 0 M
14 57 42 0 0 N
15 63 43 0 0 O
16 15 33 0 0 P
17 1 27 0 0 Q
18 48 41 0 0 R
19 51 41 0 0 S
20 80 45 0 0 T
21 23 36 0 0 U
22 8 31 0 0 V
23 18 34 0 0 W
24 1 28 0 0 X
25 16 33 0 0 Y
26 1 28 0 0 Z
27 2 29 10 17
28 2 29 24 26
29 4 30 27 28
30 9 31 29 11
31 17 34 22 30
32 28 37 2 7
33 31 37 16 25
34 35 39 31 23
35 41 39 13 6
36 45 40 3 21
37 59 43 32 33
38 64 44 4 12
39 76 45 34 35
40 92 46 36 8
41 99 46 18 19
42 114 47 9 14
43 122 48 37 15
44 128 48 1 38
45 156 49 39 20
46 191 49 40 41
47 217 50 5 42
48 250 50 43 44
49 347 51 45 46
50 467 51 47 48
51 814 0 49 50