          32
        64
          32
      128
        64
    250
        63
      122
            16
          31
            15
        59
            15
          28
            13
  467
        57
      114
        57
    217
      103
814
        51
      99
        48
    191
        47
      92
          23
        45
          22
  347
      80
    156
          21
        41
          20
      76
          18
        35
              5
            9
                  1
                2
                  1
              4
                  1
                2
                  1
          17
            8
